0	0	0	8
0	28
482	10	50	62
224	6	51	62
170	6	48	67
114	5	47	72
62	4	45	72
9	6	46	72
9	6	46	72
62	4	45	72
114	5	47	72
170	6	48	67
224	6	51	62
482	10	50	62
482	10	50	62
434	8	43	60
384	9	38	57
333	7	39	54
284	8	39	54
458	92	39	54
412	91	39	57
367	92	39	57
367	92	39	57
412	91	39	57
458	92	39	54
284	8	39	54
333	7	39	54
384	9	38	57
434	8	43	60
482	10	50	62
1	14
482	10	50	62
434	8	43	60
384	9	38	57
333	7	39	54
284	8	39	54
458	92	39	54
412	91	39	57
367	92	39	57
321	93	39	57
273	93	43	57
226	94	40	57
180	94	43	57
130	94	44	58
367	92	39	57
2	8
367	92	39	57
412	91	39	57
458	92	39	54
284	8	39	54
333	7	39	54
384	9	38	57
434	8	43	60
482	10	50	62
3	6
482	10	50	62
224	6	51	62
170	6	48	67
114	5	47	72
62	4	45	72
9	6	46	72
4	6
9	6	46	72
62	4	45	72
114	5	47	72
170	6	48	67
224	6	51	62
482	10	50	62
5	1
482	10	50	62
6	1
482	10	50	62
7	5
482	10	50	62
434	8	43	60
384	9	38	57
333	7	39	54
284	8	39	54
8	1
28	102	96	48